398.0217250803692 328.21191640834337 39.88084485182158 421.43896166987895 487.2930651225375 
496.6316839602563 375.50006777642693 362.63166958123827 490.99679936623704 206.21598124949284 
163.57638592242677 200.4699605991041 473.1031686397424 407.14555194182145 432.8002317290004 
356.1777244417583 220.79776392376723 404.86770864043183 210.40043086605277 567.3273670023968 
196.9921768121876 361.61517760627186 435.7082566529138 147.58017591448464 488.96499028757853 
22.76621875243297 236.64881275545838 406.8146691198033 324.2269588926418 176.6398012620567 
215.25338425393969 215.23698953819977 274.70397033357733 306.31962635510973 538.2865335194581 
445.0669909604717 420.33166888891543 442.10066579479144 379.08168380936877 173.3937072244849 
493.15551594414256 373.15202106996475 606.6789625492037 79.79400625815137 373.0298327495136 
326.9898567809945 368.35908744454633 422.3082685708578 56.00983764984531 175.35414611015867 
561.6668394026659 325.3666101450278 166.53024523542442 375.08294167088104 342.01825856487375 
463.2596189495099 34.46425637854456 202.57795879078188 561.9848973230327 572.7473172514538 
108.1566451856038 390.45529628150643 588.3491548624743 178.39992108736197 24.524749477533764 
24.974817999772263 293.02436238088217 264.2644443461081 607.3210663581461 512.8422482403619 
563.9333350713574 175.45062494729285 214.65120136863692 175.97746403236857 31.939171777936487 
383.2300641055344 606.8409845465443 382.8429166800141 259.9220586449105 297.2422930925303 
455.7464169507818 474.9257952594483 590.0958710792617 258.40159143226094 366.600238619299 
296.96780629832216 595.6581202411932 196.09812341967458 233.48889327970332 489.5362583454662 
32.86735577680251 183.28731077554116 499.5536047834707 452.5301781359684 139.6413787828946 
473.0612184341874 443.00930929164065 38.21520517351453 76.77030966275765 550.2954644750997 
560.0752341785474 382.38115683817193 457.8381196727575 481.9656949456606 65.91082744834405 
32.215773913018026 263.9464070680185 199.72718375983553 484.65081521982944 79.48861463371748 
589.3341473464525 298.35140619509974 49.63309554468205 357.63867420967233 613.9872566139322 
283.6132132276452 384.91335787331826 111.35970239119926 149.33157687046696 553.2225401647748 
289.15996208989543 497.2766395691652 453.1031445919157 144.39425446278543 193.02297090102385 
424.30728256233436 559.4894184623229 431.64989290496186 211.07107066538524 192.30266763408392 
320.6353857459414 508.44519254132376 59.39012692732531 537.5600181431871 505.6079236406851 
136.21691075489167 259.9370695084832 443.80203494296563 52.9126524968111 494.44298637761 
602.7428936536602 227.2162115306199 322.6566170094388 315.3094880468601 387.05862854718345 
354.14798335347746 544.4508221623324 136.57835255187075 312.5377691233241 400.04141562571135 
