320.64614323498245 206.9876237726103 424.25300560540217 82.68309494364561 49.31888489391366 
159.7169014777408 115.66111958626246 22.127500091105915 42.988449284578614 57.42790653141626 
427.47872904737505 61.51319700135482 94.24617166127108 236.49385573319248 158.52542031022688 
210.62034025896423 99.98266083767292 401.3593731489306 491.77027950261805 250.2013948013047 
428.7741123849866 80.92365829040293 367.9590674884062 71.8024983535561 27.801111620302457 
86.66329201966698 193.5004668344356 379.6758345206863 240.0030932074064 474.44751777788105 
415.8144232818556 319.23624622287616 427.17140253745913 136.99942619674914 124.3458444702592 
221.5151496601605 119.68432315213677 278.95588441755814 460.4466225024908 278.06484810760253 
38.586989299633046 151.47952269199615 244.32929152732868 85.76646591425418 460.71944730327465 
48.37592133822959 352.29523104853655 125.99455357844663 22.595892866568203 190.66887476746192 
502.44076711568255 367.5914985909856 183.7383144668182 251.5872146558698 232.04404112702713 
308.1048636993118 195.16751408177973 398.9160354495263 474.8360989827166 392.74082081181473 
43.75484343490359 356.6655248804346 271.35896228516447 375.4867537665844 468.13756367370326 
113.0106710896666 270.61406354434155 311.85618700791997 266.9010660839631 26.45468768256997 
306.20410883337246 497.70914692249204 244.7311411510888 207.16953634545774 455.1713959495796 
293.60107935086427 267.23922437222603 175.46659323971042 112.73590112082287 399.1134710044652 
20.163966317929983 424.3505072518664 241.13604682827705 266.61928712784515 193.6520516217221 
138.10942670079356 75.77543770846306 468.93633215811457 437.32163302276797 443.89484002090205 
196.87857023793214 460.3216792490126 56.81115985369111 198.24387547165512 499.85881433929023 
295.2603014885342 47.5171198356587 435.4975028327234 222.60154967738188 494.5010246005317 
186.22351455094736 230.0675380143948 312.86576596019165 372.79288553044603 26.326322959514528 
349.5056215963928 44.00720745366842 267.77505768377665 267.35610488061815 200.3274484790355 
412.22621828812794 234.473535250864 94.50176411272365 193.54507320789148 473.54320112737594 
394.8575324956262 208.83870134383636 281.86075069508814 403.7051922302051 256.90887612350264 
393.96441750369087 45.4752002283642 189.22635744198845 442.65748444198596 89.74471202825961 
328.46347309424954 482.76564765041246 389.63597673570536 68.87363727084994 52.671643257301604 
281.0447646950705 215.20662950402485 436.95022314509146 461.08735613545787 208.50953097863643 
58.21379376363338 301.7752561686625 167.63731707769418 314.937795142889 337.4148149754466 
82.57110091602581 15.364989277337306 420.1969707825973 491.14271508461934 54.82776236734559 
369.9414821443822 164.35438153872988 387.6536372547957 351.47828519527405 100.46285889196987 
